000002
000024
000031
000049
000054
000059
000089
000115
000120
000142
000167
000192
000205
000214
000217
000228
000255
000258
000266
000269
000281
000291
000324
000330
000374
000377
000444
000475
000505
000527
000530
000533
000544
000551
000556
000564
000568
000569
000580
000587
000601
000609
000612
000640
000670
000720
000729
000779
000795
000797
000815
000824
000825
000836
000838
000861
000888
000916
000920
000930
000946
000951
000953
000962
000979
000985
001014
001052
001065
001069
001107
001111
001114
001116
001122
001140
001144
001145
001153
001160
001163
001179
001194
001204
001216
001230
001257
001266
001279
001283
001293
001306
001307
001334
001335
001346
001363
001370
001380
001397
001406
001413
001429
001434
001470
001494
001501
001503
001512
001513
001533
001536
001541
001570
001586
001593
001600
001608
001612
001633
001647
001663
001681
001683
001686
001692
001693
001712
001727
001763
001764
001768
001771
001790
001796
001825
001833
001836
001842
001847
001890
001931
001945
001952
001959
001967
001979
001983
001991
001992
001998
002035
002055
002060
002071
002116
002117
002127
002137
002141
002142
002159
002165
002213
002241
002247
002260
002280
002289
002292
002296
002312
002316
002348
002353
002395
002397
002416
002455
002469
002481
002493
002506
002507
002513
002521
002563
002576
002577
002593
002604
002614
002616
002634
002646
002649
002661
002672
002673
002677
002681
002685
002736
002744
002784
002829
002870
002871
002886
002912
002913
002935
002951
002969
003019
003036
003044
003050
003123
003133
003151
003159
003165
003176
003260
003272
003279
003300
003310
003315
003335
003362
003394
003400
003427
003441
003453
003484
003512
003532
003549
003551
003586
003588
003604
003606
003621
003624
003648
003691
003695
003705
003735
003746
003781
003794
003811
003855
003858
003872
003881
003885
003897
003905
003913
003939
004012
004015
004017
004024
004028
004047
004053
004072
004083
004112
004116
004118
004126
004138
004144
004145
004146
004150
004177
004198
004237
004247
004278
004279
004305
004319
004353
004395
004439
004454
004527
004541
004550
004553
004614
004618
004630
004647
004681
004684
004701
004732
004754
004775
004799
004808
004835
004854
004873
004882
004904
004912
004949
004960
004965
004980
004983
005005
005011
005013
005029
005060
005109
005121
005125
005136
005165
005186
005191
005205
005223
005233
005234
005272
005274
005302
005306
005314
005339
005342
005355
005363
005373
005384
005393
005394
005411
005419
005423
005433
005435
005443
005542
005552
005564
005595
005614
005616
005632
005644
005658
005667
005673
005675
005677
005700
005710
005712
005728
005732
005746
005767
005769
005776
005796
005808
005819
005831
005834
005849
005854
005870
005882
005900
005902
005914
005932
005933
005940
005949
005956
005962
005968
005999
006022
006038
006053
006063
006079
006085
006100
006106
006122
006130
006162
006199
006214
006222
006228
006247
006258
006288
006291
006306
006309
006311
006334
006336
006338
006340
006355
006365
006383
006391
006501
006520
006522
006528
006535
006536
006538
006555
006563
006601
006624
006631
006633
006639
006655
006663
006669
006684
006688
006699
006727
006728
006742
006756
006765
006777
006787
006788
006823
006826
006833
006837
006845
006863
006879
006904
006907
006916
006928
006938
006949
006950
006963
006972
006980
006989
006991
007027
007030
007045
007047
007059
007071
007086
007089
007098
007110
007111
007114
007115
007117
007119
007128
007129
007136
007139
007157
007161
007169
007198
007204
007215
007241
007254
007299
007312
007321
007332
007351
007364
007370
007376
007388
007390
007394
007408
007416
007418
007424
007441
007445
007452
007455
007460
007477
007490
007519
007537
007541
007545
007549
007563
007578
007600
